[37.0, 40.0, 53.0, 43.0, 51.0, 48.0, 50.0, 44.0, 41.0, 54.0, 46.0, 39.0, 52.0, 34.0, 55.0, 45.0, 31.0, 35.0, 42.0, 38.0, 47.0, 49.0, 32.0, 36.0]
[63.0, 67.0, 56.0, 61.0, 57.0, 64.0, 58.0, 60.0, 65.0, 69.0, 59.0, 71.0, 62.0, 68.0, 66.0, 70.0, 76.0, 74.0, 72.0]
[0.0]
[1.0]
[1.0, 2.0]
[4.0, 3.0]
[144.0, 118.0, 130.0, 120.0, 139.0, 140.0, 109.0, 116.0, 135.0, 132.0, 112.0, 110.0, 104.0, 123.0, 125.0, 141.0, 127.0, 145.0, 136.0, 138.0, 108.0, 128.0, 133.0, 114.0, 100.0, 95.0, 122.0, 105.0, 101.0, 115.0, 126.0, 124.0, 134.0, 106.0, 96.0, 142.0]
[159.0, 171.0, 148.0, 150.0, 165.0, 154.0, 178.0, 160.0, 198.0, 170.0, 151.0, 157.0, 187.0, 180.0, 152.0, 155.0]
[232.0, 229.0, 249.0, 204.0, 236.0, 254.0, 202.0, 192.0, 256.0, 263.0, 198.0, 167.0, 239.0, 265.0, 211.0, 223.0, 206.0, 218.0, 226.0, 246.0, 230.0, 233.0, 176.0, 242.0, 224.0, 200.0, 174.0, 243.0, 197.0, 252.0, 171.0, 213.0, 177.0, 216.0, 188.0, 185.0, 231.0, 248.0, 257.0, 245.0, 208.0, 235.0, 234.0, 164.0, 137.0, 255.0, 258.0, 222.0, 259.0, 181.0, 264.0, 260.0, 219.0, 183.0, 217.0, 220.0, 209.0, 227.0, 261.0, 250.0, 221.0, 240.0, 214.0, 207.0, 159.0, 212.0, 244.0, 194.0, 196.0, 127.0, 215.0, 228.0, 193.0, 210.0, 149.0, 201.0, 179.0, 237.0, 203.0, 225.0, 169.0, 186.0, 161.0, 238.0, 195.0, 57.0, 0.0]
[286.0, 267.0, 349.0, 294.0, 274.0, 283.0, 284.0, 340.0, 336.0, 276.0, 302.0, 331.0, 444.0, 289.0, 266.0, 273.0, 304.0, 282.0, 326.0, 268.0, 361.0, 307.0, 269.0, 322.0, 308.0, 402.0, 288.0, 280.0, 309.0, 319.0, 298.0, 541.0, 299.0, 292.0, 277.0, 315.0, 270.0, 305.0, 271.0, 296.0, 311.0, 342.0, 275.0, 291.0, 388.0]
[0.0]
[1.0]
[0.0]
[1.0, 2.0]
[107.0, 128.0, 142.0, 139.0, 132.0, 114.0, 119.0, 111.0, 136.0, 123.0, 110.0, 124.0, 131.0, 113.0, 140.0, 99.0, 141.0, 129.0, 96.0, 127.0, 125.0, 102.0, 121.0, 122.0, 137.0, 112.0, 89.0, 104.0, 120.0, 106.0, 115.0, 130.0, 94.0, 116.0, 126.0, 71.0, 117.0, 105.0, 134.0, 138.0, 98.0, 118.0, 135.0, 100.0, 86.0, 92.0, 108.0, 79.0, 93.0, 83.0]
[149.0, 188.0, 171.0, 178.0, 160.0, 162.0, 147.0, 155.0, 148.0, 152.0, 172.0, 174.0, 167.0, 170.0, 144.0, 173.0, 158.0, 151.0, 161.0, 179.0, 157.0, 168.0, 165.0, 153.0, 163.0, 169.0, 180.0, 143.0, 181.0, 156.0, 145.0, 185.0, 184.0, 159.0, 150.0, 146.0, 182.0, 195.0, 166.0, 164.0, 154.0, 175.0]
[0.0]
[1.0]
[1.5, 1.4, 0.8, 0.6, 0.3, 1.3, 0.0, 0.4, 1.6, 1.0, 1.2, 0.2, 1.8, 1.9, 0.5, 0.1, 0.9, 1.1, 0.7]
[2.2, 2.6, 3.4, 3.6, 3.1, 2.4, 2.5, 2.7, 2.9, 3.0, 5.4, 2.0, 2.8, 3.7, 4.0, 4.1]
[1.0]
[2.0, 3.0]
[0.0, 1.0]
[3.0, 2.0]
[3.0]
[7.0, 6.0]
[0.0]
[2.0]
