1
3
4
5
6
7
11
14
15
17
18
19
20
21
22
25
26
27
28
30
32
34
35
39
42
43
44
46
48
49
50
52
53
58
59
61
63
66
69
70
74
75
77
78
80
81
82
84
85
86
87
88
89
92
93
97
98
99
100
101
102
110
115
116
121
123
124
127
128
131
132
133
134
138
139
141
144
146
147
148
150
153
154
160
161
162
163
165
167
170
171
172
176
177
180
182
183
188
190
191
192
193
194
195
196
197
198
205
206
207
209
211
213
214
215
216
217
218
219
221
222
223
224
225
226
227
228
229
230
231
232
235
236
237
238
239
240
241
242
244
246
250
251
252
253
254
255
257
258
259
260
261
265
269
270
272
273
274
275
277
279
284
286
289
290
296
