0
2
8
9
10
12
13
16
23
24
29
31
33
36
37
38
40
41
45
47
51
54
55
56
57
60
62
64
65
67
68
71
72
73
76
79
83
90
91
94
95
96
103
104
105
106
107
108
109
111
112
113
114
117
118
119
120
122
125
126
129
130
135
136
137
140
142
143
145
149
151
152
155
156
157
158
159
164
166
168
169
173
174
175
178
179
181
184
185
186
187
189
199
200
201
202
203
204
208
210
212
220
233
234
243
245
247
248
249
256
262
263
264
266
267
268
271
276
278
280
281
282
283
285
287
288
291
292
293
294
295
297
298
299
